 0  10  15  20  10
 0   0   1   2   0



 0  10  15  20  10
 0   0   1   4   0



 0  10  15  20  10
 0   0   1   1   0



10   0   5  10  20
 1   1   1   2   3



10   0   5  10  20
 1   1   1   2   0



10   0   5  10  20
 1   1   1   1   3



10   0   5  10  20
 1   1   1   1   0



15   5   0   5  15
 1   2   2   2   3



20  10   5   0  10
 4   2   3   3   3



20  10   5   0  10
 1   2   3   3   3



20  10   5   0  10
 4   3   3   3   3



20  10   5   0  10
 1   3   3   3   3



10  20  25  10   0
 4   3   1   4   4



10  20  25  10   0
 4   0   1   4   4